# rząd a
226, 45, 37.5, 37.5
266, 45, 37.5, 37.5
306, 45, 37.5, 37.5
346, 43, 38, 38
387, 43, 37.5, 38
427, 43, 38, 38
468, 43, 38, 38
508, 43, 38, 38
548, 43, 38, 38
589, 43, 38, 38
629, 43, 38, 38
669, 43, 38, 38
709, 43, 38, 38
749, 43, 38, 38
789, 43, 38, 38
# rząd b
226, 85, 37.5, 37.5
266, 85, 37.5, 37.5
306, 85, 37.5, 37.5
346, 83, 38, 38
387, 83, 37.5, 38
427, 83, 38, 38
468, 83, 38, 38
508, 83, 38, 38
548, 83, 38, 38
589, 83, 38, 38
629, 83, 38, 38
669, 83, 38, 38
709, 83, 38, 38
749, 83, 38, 38
789, 83, 38, 38
# rząd c
226, 125, 37.5, 37.5
266, 125, 37.5, 37.5
306, 125, 37.5, 37.5
346, 123, 38, 38
387, 123, 37.5, 38
427, 123, 38, 38
468, 123, 38, 38
508, 123, 38, 38
548, 123, 38, 38
589, 123, 38, 38
629, 123, 38, 38
669, 123, 38, 38
709, 123, 38, 38
749, 123, 38, 38
789, 123, 38, 38
# rząd d
226, 165, 37.5, 37.5
266, 165, 37.5, 37.5
306, 165, 37.5, 37.5
347, 163, 38, 38
387, 163, 38, 38
427, 163, 38, 38
468, 163, 38, 38
508, 163, 38, 38
548, 163, 38, 38
589, 163, 38, 38
629, 163, 38, 38
669, 163, 38, 38
709, 163, 38, 38
749, 163, 38, 38
789, 163, 38, 38
# rząd e
226, 205, 37.5, 37.5
266, 205, 37.5, 37.5
306, 205, 37.5, 37.5
347, 203, 38, 38
387, 203, 38, 38
427, 203, 38, 38
468, 203, 38, 38
508, 203, 38, 38
548, 203, 38, 38
589, 203, 38, 38
629, 203, 38, 38
669, 203, 38, 38
709, 203, 38, 38
749, 203, 38, 38
789, 203, 38, 38
# rząd f
226, 245, 37.5, 37.5
266, 245, 37.5, 37.5
306, 245, 37.5, 37.5
347, 243, 38, 38
387, 243, 38, 38
427, 243, 38, 38
468, 243, 38, 38
508, 243, 38, 38
548, 243, 38, 38
589, 243, 38, 38
629, 243, 38, 38
669, 243, 38, 38
709, 243, 38, 38
749, 243, 38, 38
789, 243, 38, 38
# rząd g
226, 285, 37.5, 37.5
266, 285, 37.5, 37.5
306, 285, 37.5, 37.5
347, 283, 38, 38
387, 283, 38, 38
427, 283, 38, 38
468, 283, 38, 38
508, 283, 38, 38
548, 283, 38, 38
589, 283, 38, 38
629, 283, 38, 38
669, 283, 38, 38
709, 283, 38, 38
749, 283, 38, 38
789, 283, 38, 38
# rząd h
226, 325, 37.5, 37.5
266, 325, 37.5, 37.5
306, 325, 37.5, 37.5
347, 323, 38, 38
387, 323, 38, 38
427, 323, 38, 38
468, 323, 38, 38
508, 323, 38, 38
548, 323, 38, 38
589, 323, 38, 38
629, 323, 38, 38
669, 323, 38, 38
709, 323, 38, 38
749, 323, 38, 38
789, 323, 38, 38
# rząd i
226, 363, 37.5, 37.5
266, 363, 37.5, 37.5
306, 363, 37.5, 37.5
347, 363, 38, 38
387, 363, 38, 38
427, 363, 38, 38
468, 363, 38, 38
508, 363, 38, 38
548, 363, 38, 38
589, 363, 38, 38
629, 363, 38, 38
669, 363, 38, 38
709, 363, 38, 38
749, 363, 38, 38
789, 363, 38, 38
# rząd j
226, 403, 37.5, 37.5
266, 403, 37.5, 37.5
306, 403, 37.5, 37.5
347, 403, 38, 38
387, 403, 38, 38
427, 403, 38, 38
468, 403, 38, 38
508, 403, 38, 38
548, 403, 38, 38
589, 403, 38, 38
629, 403, 38, 38
669, 403, 38, 38
709, 403, 38, 38
749, 403, 38, 38
789, 403, 38, 38
# rząd k
226, 443, 37.5, 37.5
266, 443, 37.5, 37.5
306, 443, 37.5, 37.5
347, 443, 38, 38
387, 443, 38, 38
427, 443, 38, 38
468, 443, 38, 38
508, 443, 38, 38
548, 443, 38, 38
589, 443, 38, 38
629, 443, 38, 38
669, 443, 38, 38
709, 443, 38, 38
749, 443, 38, 38
789, 443, 38, 38
# rząd l
226, 483, 37.5, 37.5
266, 483, 37.5, 37.5
306, 483, 37.5, 37.5
346, 483, 37.5, 37.5
386, 483, 38, 38
427, 484, 38, 37.5
468, 483, 38, 38
509, 483, 37.5, 38
549, 483, 37.5, 38
589, 483, 37.5, 38
629, 483, 37.5, 38
669, 483, 37.5, 38
709.5, 483, 38, 38.5
750, 483, 38, 38.5
791, 483, 38, 38
#rząd m
226, 523, 37.5, 37.5
266, 523, 37.5, 37.5
306, 523, 37.5, 37.5
346, 523, 37.5, 37.5
386, 523, 38, 38
427, 524.5, 38, 37.5
468, 523, 37.5, 38
508, 523, 37.5, 38
549, 523, 37.5, 38
589, 523, 37.5, 38
629, 523, 37.5, 38
669, 523, 37.5, 38
709.5, 523, 38, 38.5
750, 523, 38, 38.5
790, 522, 38, 38
# rząd n
226, 563, 37.5, 37.5
266, 563, 37.5, 37.5
306, 563, 37.5, 37.5
346, 563, 37.5, 37.5
386, 563, 38, 38
427, 564, 38, 37.5
468, 563, 38, 38
509, 563, 37.5, 38
549, 563, 37.5, 38
589, 563, 37.5, 38
629, 563, 37.5, 38
669, 563, 37.5, 38
709.5, 563, 38, 38.5
750, 563, 38, 38.5
791, 563, 38, 38
# rząd o
226, 603, 37.5, 37.5
266, 603, 37.5, 37.5
306, 603, 37.5, 37.5
346, 603, 37.5, 37.5
386, 603, 38, 38
427, 603, 38, 37.5
468, 603, 38, 38
509, 603, 37.5, 38
549, 603, 37.5, 38
589, 603, 37.5, 38
629, 603, 37.5, 38
669, 603, 37.5, 38
709.5, 603, 38, 38.5
750, 603, 38, 38.5
791, 603, 38, 38